//===============================================================
//       ____                     _ 
//      /    |                   | |_
//     /     |_ __ ____  __ _  __| |_  __ _
//    /  /|  | '__/  __|/ _` |/ _  | |/ _` |
//   /  __   | | |  |__| (_| | (_| | | (_| |
//  /  /  |  |_|  \____|\__,_|\__,_|_|\__,_|
// /__/   |__|  [ Ragnarok Emulator ]
//
//===============================================================
// = Database de Experiência
//===============================================================

// --------------------------------------------------------------
// - [Experiência de Base] -
// --------------------------------------------------------------

// Classes Normais, Ninja, Justiceiro
99,0:1:2:3:4:5:6:7:8:9:10:11:12:13:14:15:16:17:18:19:20:21:23:24:25:4023:4024:4025:4026:4027:4028:4029:4030:4031:4032:4033:4034:4035:4036:4037:4038:4039:4040:4041:4042:4043:4044:4045:4046:4047:4048:4049:4050:4051:4052:4218,0,1050,1800,2500,4200,6200,6800,8200,8550,10000,10500,12000,12100,12350,12700,14350,14000,14400,14800,18200,18700,20300,21000,21800,23000,24000,25000,26000,27000,28000,29000,40000,41000,42000,43200,44000,46000,47500,49000,60000,61500,63000,64000,66000,67500,68000,80000,82000,84500,87000,89000,101000,103000,105000,107000,109000,121500,123000,125000,127000,129000,140000,143000,147000,160000,164000,168000,181000,185000,210000,228000,240000,255000,263000,270000,280000,288000,295000,400000,430000,460000,600000,650000,800000,880000,850000,1200000,1280000,1450000,1800000,2000000,2200000,2500000,2800000,4100000,4400000,4800000,6300000,9000000

// Classe Trancedente
99,4001:4002:4003:4004:4005:4006:4007:4008:4009:4010:4011:4012:4013:4014:4015:4016:4017:4018:4019:4020:4021:4022,0,1260,2080,2800,4640,6840,8560,10040,10460,12000,12600,14200,14320,14620,16040,16820,18600,20080,20560,21040,22610,23390,24300,25340,26900,28460,29500,40800,42100,43400,44700,46000,47300,48600,60160,61200,63800,65750,67700,69000,84100,86200,87600,100400,102500,103200,106000,108800,122300,125800,128600,141400,144200,147000,149800,162600,166100,168200,181000,183800,203500,205000,209500,215500,220000,226000,232000,236500,242500,265000,292000,410000,432500,444500,455000,470000,482000,492500,600000,645000,816000,880000,1060000,1240000,1468000,1680000,1860000,2088000,2200000,2440000,2700000,4040000,4550000,6060000,6570000,8080000,8760000,10610000,12800000

// Terceira classe
// Nota: Suporte a LV 175 para futura adesão do EP 15
150,4054:4055:4056:4057:4058:4059:4060:4061:4062:4063:4064:4065:4066:4067:4068:4069:4070:4071:4072:4073:4074:4075:4076:4077:4078:4079:4080:4081:4082:4083:4084:4085:4086:4087:4096:4097:4098:4099:4100:4101:4102:4103:4104:4105:4106:4107:4108:4109:4110:4111:4112,0,1260,2080,2800,4640,6840,8560,10040,10460,12000,12600,14200,14320,14620,16040,16820,18600,20080,20560,21040,22610,23390,24300,25340,26900,28460,29500,40800,42100,43400,44700,46000,47300,48600,60160,61200,63800,65750,67700,69000,84100,86200,87600,100400,102500,103200,106000,108800,122300,125800,128600,141400,144200,147000,149800,162600,166100,168200,181000,183800,203500,205000,209500,215500,220000,226000,232000,236500,242500,265000,292000,410000,432500,444500,455000,470000,482000,492500,600000,645000,816000,880000,1060000,1240000,1468000,1680000,1860000,2088000,2200000,2440000,2700000,4040000,4550000,6060000,6570000,8080000,8760000,10610000,12800000,14070000,14400000,14770000,16150000,16550000,18100000,18610000,20150000,20570000,21180000,22000000,22200000,22930000,23150000,24030000,24420000,25420000,25670000,26870000,27140000,28720000,29020000,40590000,40930000,42690000,43310000,45290000,46020000,47860000,48535000,60990000,61680000,63560000,64942000,66372000,68350000,69890000,81545000,83330000,85400000,88100000,100410000,103370000,106250000,109230000,122590000,126120000,140200000,145330000,161100000,165000000,188000000,203000000,207000000,212000000,216000000,221000000,225000000,230000000,234000000,239000000,245000000,252200000,260840000,271200000,291930000,402290000,414720000,429640000,447550000,483370000,601280000,622770000,648560000,679500000,841390000

// Kagerou, Oboro, Super Aprendiz Expandido, Rebelde
// Nota: Suporte a LV 160 para futura adesão do EP 15
120,4190:4191:4211:4212:4215,0,2080,2800,4640,6840,8560,10040,10460,12000,12600,14200,14320,14620,16040,16820,18600,20080,20560,21040,22610,23390,24300,25340,26900,28460,29500,40800,42100,43400,44700,46000,47300,48600,60160,61200,63800,65750,67700,69000,84100,86200,87600,100400,102500,103200,106000,108800,122300,125800,128600,141400,144200,147000,149800,162600,166100,168200,181000,183800,203500,205000,209500,215500,220000,226000,232000,236500,242500,265000,292000,410000,432500,444500,455000,470000,482000,492500,600000,645000,816000,880000,1060000,1240000,1468000,1680000,1860000,2088000,2200000,2440000,2700000,4040000,4550000,6060000,6570000,8080000,8760000,10610000,12800000,14070000,14400000,14770000,16150000,16550000,18100000,18610000,20150000,20570000,21180000,22000000,22200000,22930000,23150000,24030000,24420000,25420000,25670000,26870000,27140000,28720000,29020000,40590000,40930000,42690000,43310000,45290000,46020000,47860000,48535000,60990000,61680000,63560000,64942000,66372000,68350000,69890000,81545000,83330000,85400000,88100000,100410000,103370000,106250000,109230000,122590000,126120000,140200000,145330000,161100000,185000000,188000000,203000000,207000000,212000000,216000000,221000000,225000000,230000000,234000000,239000000,245000000

// --------------------------------------------------------------
// - [Experiência de Classe] -
// --------------------------------------------------------------
// Aprendiz
10,0:4023,1,44,80,124,176,400,664,904,1180,1510

// Primeira Classe
50,1:2:3:4:5:6:4024:4025:4026:4027:4028:4029:4046:4050:4218,1,60,120,230,460,860,1480,2060,2300,2560,2910,4290,4680,4990,6340,6740,8360,8970,10530,12120,12700,16090,16920,18970,21080,22690,24440,25850,27400,29220,41060,42870,44910,46840,49080,61320,63300,67110,80500,83570,86180,103510,107200,120310,125690,140090,142130,147540,163320,180120

// Segunda Classe
50,7:8:9:10:11:12:13:14:15:16:17:18:19:20:21:4030:4031:4032:4033:4034:4035:4036:4037:4038:4039:4040:4041:4042:4043:4044:4047:4048:4049:4051:4052,1,4500,8200,14000,20300,25900,28900,40900,42600,44900,48800,61500,62000,63300,65100,80500,84100,86300,88500,100700,106000,109400,123500,128100,145000,165700,180500,186600,202600,208600,219700,226000,232300,238600,246100,257500,270600,280400,290300,296800,414900,425200,432000,445700,455900,479300,494000,608700,627000,645400

// Aprendiz Transcedente
10,4001,1,105,180,270,374,900,850,1016,2580,3240

// Primeira Classe Trancedente
50,4002:4003:4004:4005:4006:4007,1,1050,1460,1890,2250,2600,2980,4340,4740,6140,6950,8510,10210,10950,14000,16150,18130,20220,21480,22780,24090,25560,26980,28620,40280,41780,44510,47000,49000,61000,66000,69000,81000,85000,89000,101900,105000,109450,124630,140030,144940,149800,164630,169610,185170,200420,207250,212070,218120,220482

// Segunda Classe Trancedente
70,4008:4009:4010:4011:4012:4013:4014:4015:4016:4017:4018:4019:4020:4021:4022,1,12200,20400,25200,42900,47100,60000,62500,65700,81300,85000,85800,87600,100300,108700,123900,127100,140300,143500,180600,186200,202700,210200,221400,244700,252900,263100,273300,283500,413500,424700,436000,447200,460700,499800,624800,643600,662300,674800,874400,897000,1012100,1042200,1064800,1244300,1278200,1412100,1454500,1496900,1849300,1888100,2026800,2065600,2104300,2334800,2391400,2425300,2470600,2515800,4003800,4032800,4119900,4236100,4323200,6025300,6433300,6776600,8436900,8758400,8893567

// Terceira classe
// Nota: Suporte a LV 60 para futura adesão do EP 15
50,4054:4055:4056:4057:4058:4059:4060:4061:4062:4063:4064:4065:4066:4067:4068:4069:4070:4071:4072:4073:4074:4075:4076:4077:4078:4079:4080:4081:4082:4083:4084:4085:4086:4087:4096:4097:4098:4099:4100:4101:4102:4103:4104:4105:4106:4107:4108:4109:4110:4111:4112,1,206000,212000,655000,1215000,1817000,2253000,2595000,4007000,4430000,4868000,6420000,6863000,8504000,8998000,10769000,12321000,14254000,14870000,18015000,18530000,21072000,21848000,23467000,24337000,26243000,27216000,29446000,40781000,43070000,44453000,47568000,49118000,61820000,64125000,67048000,80204000,82972000,85937000,89110000,102696000,107158000,121305000,127167000,142285000,147647000,163624000,181113000,188548000,207630000,219077000,231668000,245518000,260753000,277511000,295944000,416220000,438523000,463056000,490042000

// Kagerou, Oboro, Super Aprendiz Expandido, Rebelde
// Nota: Suporte a LV 60 para futura adesão do EP 15
50,4190:4191:4211:4212:4215,1,206000,212000,655000,1215000,1817000,2253000,2595000,4007000,4430000,4868000,6420000,6863000,8504000,8998000,10769000,12321000,14254000,14870000,18015000,18530000,21072000,21848000,23467000,24337000,26243000,27216000,29446000,40781000,43070000,44453000,47568000,49118000,61820000,64125000,67048000,80204000,82972000,85937000,89110000,102696000,107158000,121305000,127167000,142285000,147647000,163624000,181113000,188548000,207630000,219077000,231668000,245518000,260753000,277511000,295944000,416220000,438523000,463056000,490042000

// Ninja, Justiceiro
70,24:25,1,400,600,800,1200,1400,2000,2200,2400,2700,2900,4400,4700,6200,6600,8200,8900,10500,12100,12900,14700,16400,18300,20100,21100,22100,23000,24600,26100,27500,28600,41500,43300,44700,47000,49000,60000,62400,65000,68100,81100,84000,86700,89600,102500,105600,108900,122700,125500,129200,142300,161200,164100,169300,185500,200900,207800,214900,220700,228600,250500,276900,296100,419600,434200,447900,466400,481300,496600,608000

// Super-Aprendiz
99,23:4045,1,108,146,216,280,420,472,636,1020,1204,1299,1602,1848,2125,2668,2937,4226,6040,6988,10564,12272,14021,18114,21473,25290,26891,28570,43229,48359,66478,69716,83088,102417,122495,148160,164175,180404,207611,225915,253941,291781,404351,448352,486212,686371,809795,882092,1009596,1882092,1892092,2002092,2012092,2022092,2032092,2042092,2052092,2062092,2072092,2082092,2092092,2102092,2112092,2122092,2132092,2142092,2152092,2162092,2172092,2182092,2192092,2202092,2212092,2222092,2232092,2242092,2252092,2262092,2272092,2282092,2292092,2302092,2312092,2322092,2332092,2342092,2352092,2362092,2372092,2382092,2392092,2402092,2412092,2422092,2432092,2442092,2452092,2462092,2491333,2521159
